{
 "cells": [
  {
   "cell_type": "markdown",
   "id": "66b46f75",
   "metadata": {},
   "source": [
    "# The Space of 3x3 Correlation Matrices"
   ]
  },
  {
   "cell_type": "markdown",
   "id": "4e84ae7a-087c-4f3d-a146-b75de7e4dcc9",
   "metadata": {},
   "source": [
    "## Motivation\n",
    "Given $n=2$ random variables, the space of correlation matrices $\\mathscr{C}_2$ between them is simply given by\n",
    "\\begin{align*}\n",
    "    \\mathscr{C}_2\n",
    "    =\\Big\\{\n",
    "        \\begin{pmatrix}\n",
    "            1 & \\rho \\\\\n",
    "            \\rho & 1\n",
    "        \\end{pmatrix}\n",
    "        \\in \\mathbb{R}^{2 \\times 2} \\; \\Big| \\; \\rho \\in [-1,1]\n",
    "    \\Big\\},\n",
    "\\end{align*}\n",
    "which can simply be visualised as the interval $[-1,1] \\subset \\mathbb{R}$. \n",
    "\n",
    "In general, the space $\\mathscr{C}_n$ of correlation matrices between $n$ random variables is given by all symmetric positive definite matrices $C \\in \\mathbb{R}^{n \\times n}$ with entires in $[-1,1]$ and a unit diagonal, which is much harder to visualize.\n",
    "\n",
    "But for $n=3$ this space has a neat parametrization as a subset of $\\mathbb{R}^3$, which allows for some nice plots. In this notebook we show the visualization of the $3x3$ correlation matrices and give a proof of the parametrization."
   ]
  },
  {
   "cell_type": "code",
   "execution_count": 1,
   "id": "91c8b89e",
   "metadata": {},
   "outputs": [],
   "source": [
    "%matplotlib widget"
   ]
  },
  {
   "cell_type": "code",
   "execution_count": 2,
   "id": "ec2746c6",
   "metadata": {},
   "outputs": [],
   "source": [
    "import numpy as np\n",
    "import matplotlib.pyplot as plt\n",
    "from mpl_toolkits.mplot3d import Axes3D\n",
    "import ipywidgets as wd\n",
    "import plotly.graph_objects as go"
   ]
  },
  {
   "cell_type": "markdown",
   "id": "ed2564d1",
   "metadata": {},
   "source": [
    "# Parametrization\n",
    "The visualizations below are based on the following\n",
    "\n",
    "**Theorem:** The space $\\mathscr{C}_3$ of correlation matrices between $n=3$ random variables is given by\n",
    "\\begin{align*}\n",
    "   \\mathscr{C}_3 = \\Big\\{ \n",
    "    \\begin{pmatrix}\n",
    "        1 & a & b \\\\\n",
    "        a & 1 & c \\\\\n",
    "        b & c & 1\n",
    "    \\end{pmatrix}\n",
    "    \\Big| a,b \\in [-1,1], c \\in [c_-(a,b), c_+(a,b)] \\Big\\}, \n",
    "\\end{align*}\n",
    "where\n",
    "\\begin{align*}\n",
    "    c_{\\pm}(a,b) := ab \\pm \\sqrt{(1-b^2)(1-a^2)}.\n",
    "\\end{align*}\n",
    "A proof is given in the appendix below."
   ]
  },
  {
   "cell_type": "code",
   "execution_count": 5,
   "id": "0b06db59",
   "metadata": {},
   "outputs": [],
   "source": [
    "n = 50\n",
    "a = np.linspace(-1, 1, n)\n",
    "b = np.linspace(-1, 1, n)\n",
    "a_, b_= np.meshgrid(a, b)\n",
    "c_p = np.array([[aa * bb + np.sqrt( (1 - bb **2) * (1 - aa **2) ) for aa in a] for bb in b ])\n",
    "c_m = np.array([[aa * bb - np.sqrt( (1 - bb **2) * (1 - aa **2) ) for aa in a] for bb in b ])"
   ]
  },
  {
   "cell_type": "code",
   "execution_count": 6,
   "id": "0914d079",
   "metadata": {},
   "outputs": [
    {
     "data": {
      "application/vnd.plotly.v1+json": {
       "config": {
        "plotlyServerURL": "https://plot.ly"
       },
       "data": [
        {
         "colorscale": [
          [
           0,
           "rgb(103,0,31)"
          ],
          [
           0.1,
           "rgb(178,24,43)"
          ],
          [
           0.2,
           "rgb(214,96,77)"
          ],
          [
           0.3,
           "rgb(244,165,130)"
          ],
          [
           0.4,
           "rgb(253,219,199)"
          ],
          [
           0.5,
           "rgb(247,247,247)"
          ],
          [
           0.6,
           "rgb(209,229,240)"
          ],
          [
           0.7,
           "rgb(146,197,222)"
          ],
          [
           0.8,
           "rgb(67,147,195)"
          ],
          [
           0.9,
           "rgb(33,102,172)"
          ],
          [
           1,
           "rgb(5,48,97)"
          ]
         ],
         "type": "surface",
         "x": [
          -1,
          -0.9591836734693877,
          -0.9183673469387755,
          -0.8775510204081632,
          -0.8367346938775511,
          -0.7959183673469388,
          -0.7551020408163265,
          -0.7142857142857143,
          -0.6734693877551021,
          -0.6326530612244898,
          -0.5918367346938775,
          -0.5510204081632654,
          -0.5102040816326531,
          -0.4693877551020409,
          -0.4285714285714286,
          -0.3877551020408164,
          -0.34693877551020413,
          -0.30612244897959184,
          -0.26530612244897966,
          -0.22448979591836737,
          -0.1836734693877552,
          -0.1428571428571429,
          -0.10204081632653073,
          -0.061224489795918435,
          -0.020408163265306145,
          0.020408163265306145,
          0.06122448979591821,
          0.1020408163265305,
          0.1428571428571428,
          0.18367346938775508,
          0.22448979591836715,
          0.26530612244897944,
          0.30612244897959173,
          0.346938775510204,
          0.3877551020408163,
          0.4285714285714284,
          0.46938775510204067,
          0.510204081632653,
          0.5510204081632653,
          0.5918367346938773,
          0.6326530612244896,
          0.6734693877551019,
          0.7142857142857142,
          0.7551020408163265,
          0.7959183673469385,
          0.8367346938775508,
          0.8775510204081631,
          0.9183673469387754,
          0.9591836734693877,
          1
         ],
         "y": [
          -1,
          -0.9591836734693877,
          -0.9183673469387755,
          -0.8775510204081632,
          -0.8367346938775511,
          -0.7959183673469388,
          -0.7551020408163265,
          -0.7142857142857143,
          -0.6734693877551021,
          -0.6326530612244898,
          -0.5918367346938775,
          -0.5510204081632654,
          -0.5102040816326531,
          -0.4693877551020409,
          -0.4285714285714286,
          -0.3877551020408164,
          -0.34693877551020413,
          -0.30612244897959184,
          -0.26530612244897966,
          -0.22448979591836737,
          -0.1836734693877552,
          -0.1428571428571429,
          -0.10204081632653073,
          -0.061224489795918435,
          -0.020408163265306145,
          0.020408163265306145,
          0.06122448979591821,
          0.1020408163265305,
          0.1428571428571428,
          0.18367346938775508,
          0.22448979591836715,
          0.26530612244897944,
          0.30612244897959173,
          0.346938775510204,
          0.3877551020408163,
          0.4285714285714284,
          0.46938775510204067,
          0.510204081632653,
          0.5510204081632653,
          0.5918367346938773,
          0.6326530612244896,
          0.6734693877551019,
          0.7142857142857142,
          0.7551020408163265,
          0.7959183673469385,
          0.8367346938775508,
          0.8775510204081631,
          0.9183673469387754,
          0.9591836734693877,
          1
         ],
         "z": [
          [
           1,
           0.9591836734693877,
           0.9183673469387755,
           0.8775510204081632,
           0.8367346938775511,
           0.7959183673469388,
           0.7551020408163265,
           0.7142857142857143,
           0.6734693877551021,
           0.6326530612244898,
           0.5918367346938775,
           0.5510204081632654,
           0.5102040816326531,
           0.4693877551020409,
           0.4285714285714286,
           0.3877551020408164,
           0.34693877551020413,
           0.30612244897959184,
           0.26530612244897966,
           0.22448979591836737,
           0.1836734693877552,
           0.1428571428571429,
           0.10204081632653073,
           0.061224489795918435,
           0.020408163265306145,
           -0.020408163265306145,
           -0.06122448979591821,
           -0.1020408163265305,
           -0.1428571428571428,
           -0.18367346938775508,
           -0.22448979591836715,
           -0.26530612244897944,
           -0.30612244897959173,
           -0.346938775510204,
           -0.3877551020408163,
           -0.4285714285714284,
           -0.46938775510204067,
           -0.510204081632653,
           -0.5510204081632653,
           -0.5918367346938773,
           -0.6326530612244896,
           -0.6734693877551019,
           -0.7142857142857142,
           -0.7551020408163265,
           -0.7959183673469385,
           -0.8367346938775508,
           -0.8775510204081631,
           -0.9183673469387754,
           -0.9591836734693877,
           -1
          ],
          [
           0.9591836734693877,
           1,
           0.9927887088629516,
           0.9773227151978396,
           0.9574370684031287,
           0.9346303384078651,
           0.9096766712968737,
           0.883038632635302,
           0.855018904008105,
           0.8258282612265555,
           0.795620243251806,
           0.7645105367380363,
           0.7325885892997206,
           0.6999249512062667,
           0.666576120119028,
           0.6325878512700769,
           0.5979974842766501,
           0.5628356168493016,
           0.5271273308851817,
           0.49089310291558963,
           0.4541494859090609,
           0.4169096209912537,
           0.3791836190814553,
           0.34097883994398837,
           0.3023000874381865,
           0.2631497334190278,
           0.22352777788651243,
           0.18343184898566192,
           0.142857142857143,
           0.10179629973663265,
           0.060239208704844366,
           0.018172728636118962,
           -0.024419693438078538,
           -0.06755853404904744,
           -0.11126887509393812,
           -0.15558131428330413,
           -0.20053319123438282,
           -0.2461702611792463,
           -0.29254902177924824,
           -0.3397400233037955,
           -0.3878327133673636,
           -0.4369427786241314,
           -0.48722375803525186,
           -0.5388864274119974,
           -0.5922334683393232,
           -0.647727446382377,
           -0.7061425076259836,
           -0.768977221999189,
           -0.8400666389004581,
           -0.9591836734693877
          ],
          [
           0.9183673469387755,
           0.9927887088629516,
           1,
           0.9956596221561529,
           0.9851343612362728,
           0.9705213229454067,
           0.9529038509030672,
           0.9329292615052576,
           0.9110211287649875,
           0.8874744133295639,
           0.8625039783329247,
           0.8362717162151723,
           0.8089028003826204,
           0.7804959592093001,
           0.751130255784394,
           0.7208697201917538,
           0.6897666056648215,
           0.6578637307815762,
           0.6251961952651525,
           0.5917926540683656,
           0.5576762714921122,
           0.522865437288552,
           0.4873743007250023,
           0.45121316108977144,
           0.4143887409258781,
           0.3769043594181729,
           0.33876001656665616,
           0.2999523931864767,
           0.2604747667346161,
           0.22031683792276596,
           0.17946445748360942,
           0.137899235664986,
           0.09559800816599945,
           0.05253212003383445,
           0.00866647154535638,
           -0.036041755877413484,
           -0.08164481546791758,
           -0.1282067373100076,
           -0.175806584492866,
           -0.22454308539052364,
           -0.2745414134092948,
           -0.3259634609892814,
           -0.3790240912644217,
           -0.4340182648820223,
           -0.4913695558550928,
           -0.5517252805796369,
           -0.6161687826751672,
           -0.6867971678467304,
           -0.7689772219991892,
           -0.9183673469387755
          ],
          [
           0.8775510204081632,
           0.9773227151978396,
           0.9956596221561529,
           1,
           0.996846491359874,
           0.98874004517617,
           0.9769932899994946,
           0.9623905439052631,
           0.945445028490721,
           0.9265141315319959,
           0.9058581910040391,
           0.8836733631726726,
           0.8601113138472891,
           0.8352916668297685,
           0.8093102185657544,
           0.7822445508258389,
           0.7541579760114083,
           0.7251023750648886,
           0.6951202764120489,
           0.6642463997009345,
           0.632508811855247,
           0.5999297947376282,
           0.5665264922458371,
           0.5323113834674326,
           0.4972926137422128,
           0.46147420474596124,
           0.42485615647867797,
           0.38743444726457926,
           0.34920093176386735,
           0.31014313088898293,
           0.2702439007421675,
           0.22948095946077873,
           0.18782624012111532,
           0.14524502307513187,
           0.10169477989705922,
           0.05712362964447171,
           0.011468259915982715,
           -0.03534891105899979,
           -0.08342367972611953,
           -0.1328756698872558,
           -0.18385654735180224,
           -0.23656246838558037,
           -0.2912537709635413,
           -0.34828784286181297,
           -0.40817790567764056,
           -0.4717082774864396,
           -0.540191586838817,
           -0.6161687826751672,
           -0.7061425076259837,
           -0.8775510204081632
          ],
          [
           0.8367346938775511,
           0.9574370684031287,
           0.9851343612362728,
           0.996846491359874,
           1,
           0.9974968553458126,
           0.990836184844341,
           0.9809137428607577,
           0.9683156697639301,
           0.9534501311572797,
           0.9366144539605754,
           0.918032664416325,
           0.8978779770851377,
           0.8762870119762562,
           0.8533691763404414,
           0.8292130748036024,
           0.8038910152235952,
           0.7774622498121235,
           0.7499753494541643,
           0.721469966782073,
           0.6919781564815831,
           0.6615253662331079,
           0.6301311757476536,
           0.5978098371475479,
           0.5645706530663883,
           0.5304182165815903,
           0.4953525276931539,
           0.45936899332366365,
           0.4224583108395219,
           0.38460622811840106,
           0.3457931654492951,
           0.3059936751517904,
           0.2651757025401535,
           0.22329959498202928,
           0.1803167815924403,
           0.1361680101596835,
           0.09078097282590225,
           0.0440670649651877,
           -0.004083120673221086,
           -0.0538062040985664,
           -0.10527539987145823,
           -0.15871473423440385,
           -0.2144215341071724,
           -0.2728039650931851,
           -0.3344481675613092,
           -0.4002498958767178,
           -0.47170827748643984,
           -0.551725280579637,
           -0.6477274463823773,
           -0.8367346938775511
          ],
          [
           0.7959183673469388,
           0.9346303384078651,
           0.9705213229454067,
           0.98874004517617,
           0.9974968553458126,
           1,
           0.9979068268903054,
           0.9922076297279289,
           0.9835504110722084,
           0.972386414976103,
           0.9590443487172615,
           0.9437718826255476,
           0.9267605126028837,
           0.9081612777524407,
           0.8880951323409247,
           0.866660032467946,
           0.8439359174781387,
           0.8199882931562423,
           0.7948708566359923,
           0.7686274455518792,
           0.7412934976923533,
           0.7128971465266534,
           0.6834600382397495,
           0.6529979291457176,
           0.6215211036929597,
           0.5890346397196152,
           0.5555385372256844,
           0.5210277183730274,
           0.4854918987132423,
           0.4489153219322533,
           0.41127634184509054,
           0.3725468249825148,
           0.33269133355607594,
           0.29166602993128327,
           0.24941721697440156,
           0.20587938890069168,
           0.16097260636551874,
           0.11459891326927274,
           0.06663735534524767,
           0.016936893490273053,
           -0.034693968197574476,
           -0.08850290004815797,
           -0.14481860933912633,
           -0.2040923401234388,
           -0.2669720949604328,
           -0.3344481675613091,
           -0.40817790567764073,
           -0.4913695558550928,
           -0.5922334683393236,
           -0.7959183673469388
          ],
          [
           0.7551020408163265,
           0.9096766712968737,
           0.9529038509030672,
           0.9769932899994946,
           0.990836184844341,
           0.9979068268903054,
           1,
           0.9981881183185073,
           0.993172920231949,
           0.9854430693557803,
           0.9753545311274824,
           0.9631755140210252,
           0.9491133937994018,
           0.9333317345334216,
           0.9159615206624045,
           0.8971088313279536,
           0.876860234871325,
           0.8552866691661459,
           0.8324462841987457,
           0.8083865528539693,
           0.783145851610608,
           0.7567546469151514,
           0.7292363799696258,
           0.7006081136856682,
           0.6708809853529697,
           0.6400604938910789,
           0.6081466392999957,
           0.5751339226601714,
           0.5410112066819152,
           0.50576142845359,
           0.46936114677316987,
           0.4317798951941644,
           0.3929792972377828,
           0.35291188001918006,
           0.31151949355202707,
           0.26873119996269623,
           0.2244604309099315,
           0.17860110725212996,
           0.13102224454997158,
           0.0815602787326472,
           0.03000783403716334,
           -0.02390329801044977,
           -0.08052908284767324,
           -0.14035818408996237,
           -0.20409234012343835,
           -0.27280396509318466,
           -0.3482878428618128,
           -0.434018264882022,
           -0.5388864274119974,
           -0.7551020408163265
          ],
          [
           0.7142857142857143,
           0.883038632635302,
           0.9329292615052576,
           0.9623905439052631,
           0.9809137428607577,
           0.9922076297279289,
           0.9981881183185073,
           1,
           0.9983923734768241,
           0.9938868822680934,
           0.9868635159159336,
           0.9776085842821651,
           0.9663434589184345,
           0.9532427428334354,
           0.9384462606052926,
           0.9220672506560621,
           0.9041981238236869,
           0.8849146055783417,
           0.8642787704484867,
           0.8423412952636009,
           0.8191431465307348,
           0.7947168468766179,
           0.7690874195498216,
           0.7422730790377581,
           0.7142857142857143,
           0.6851311953352769,
           0.6548095221864462,
           0.623314824797635,
           0.5906352142235567,
           0.5567524759767989,
           0.5216415868087906,
           0.48527002409280157,
           0.447596821321782,
           0.40857130166625266,
           0.368131390597753,
           0.326201362646109,
           0.28268880697337717,
           0.2374804851575017,
           0.1904365726203575,
           0.14138246635325158,
           0.09009679480453675,
           0.03629324811239287,
           -0.02040816326530598,
           -0.0805290828476734,
           -0.14481860933912621,
           -0.21442153410717202,
           -0.29125377096354127,
           -0.37902409126442155,
           -0.487223758035252,
           -0.7142857142857143
          ],
          [
           0.6734693877551021,
           0.855018904008105,
           0.9110211287649875,
           0.945445028490721,
           0.9683156697639301,
           0.9835504110722084,
           0.993172920231949,
           0.9983923734768241,
           1,
           0.9985467813721491,
           0.9944340783446047,
           0.9879643032959066,
           0.9793712780617702,
           0.9688394255985808,
           0.9565164344385471,
           0.9425219117105963,
           0.926953465583471,
           0.9098910804468316,
           0.8914003219982028,
           0.8715347172116196,
           0.8503375366148893,
           0.8278431319583963,
           0.8040779338375486,
           0.7790611811511644,
           0.7528054314975038,
           0.72531688505852,
           0.6965955418342131,
           0.6666352016426298,
           0.63542330688551,
           0.6029406186640355,
           0.5691607063827984,
           0.534049218291414,
           0.49756288386207537,
           0.45964817612074715,
           0.42023952936990494,
           0.3792569592198883,
           0.33660285750195457,
           0.2921576170871763,
           0.245773549443345,
           0.19726623161407597,
           0.14640184176365267,
           0.09287796751353605,
           0.036293248112392706,
           -0.023903298010450158,
           -0.08850290004815786,
           -0.1587147342344037,
           -0.23656246838558048,
           -0.3259634609892814,
           -0.43694277862413167,
           -0.6734693877551021
          ],
          [
           0.6326530612244898,
           0.8258282612265555,
           0.8874744133295639,
           0.9265141315319959,
           0.9534501311572797,
           0.972386414976103,
           0.9854430693557803,
           0.9938868822680934,
           0.9985467813721491,
           1,
           0.9986670219140423,
           0.9948646680647575,
           0.9888379008329602,
           0.9807799300886126,
           0.9708454810495628,
           0.9591598595794603,
           0.9458253244315515,
           0.9309256708872279,
           0.9145295885507612,
           0.8966931547126114,
           0.8774617015440809,
           0.856871217499941,
           0.8349493924730441,
           0.8117163820080783,
           0.7871853420156435,
           0.7613627680881133,
           0.7342486602254877,
           0.7058365228353931,
           0.6761132000072296,
           0.645058536196309,
           0.6126448415097794,
           0.5788361274928687,
           0.5435870619742751,
           0.5068415676635383,
           0.4685309549563866,
           0.42857142857142877,
           0.3868607297554182,
           0.34327355264470544,
           0.2976551720214423,
           0.2498123780156669,
           0.19950020824656417,
           0.14640184176365278,
           0.09009679480453653,
           0.03000783403716306,
           -0.034693968197574365,
           -0.10527539987145801,
           -0.18385654735180235,
           -0.2745414134092947,
           -0.3878327133673638,
           -0.6326530612244898
          ],
          [
           0.5918367346938775,
           0.795620243251806,
           0.8625039783329247,
           0.9058581910040391,
           0.9366144539605754,
           0.9590443487172615,
           0.9753545311274824,
           0.9868635159159336,
           0.9944340783446047,
           0.9986670219140423,
           1,
           0.9987627703027459,
           0.9952102977519247,
           0.9895436815560675,
           0.9819239648278015,
           0.9724815700450732,
           0.9613229314927728,
           0.9485352660649946,
           0.9341900681686031,
           0.9183457048980447,
           0.9010493594731604,
           0.882338489865286,
           0.8622419166286609,
           0.8407806183193243,
           0.8179682880431702,
           0.7938116866270937,
           0.7683108140710945,
           0.7414589095482778,
           0.7132422799527496,
           0.6836399467284707,
           0.6526230893212017,
           0.6201542497596069,
           0.5861862448238452,
           0.5506607074194702,
           0.5135061431396172,
           0.4746353350901923,
           0.4339418489863051,
           0.39129526235000905,
           0.34653453206867674,
           0.29945855893377793,
           0.2498123780156668,
           0.19726623161407597,
           0.14138246635325136,
           0.08156027873264693,
           0.016936893490273053,
           -0.053806204098566235,
           -0.1328756698872559,
           -0.22454308539052364,
           -0.3397400233037957,
           -0.5918367346938775
          ],
          [
           0.5510204081632654,
           0.7645105367380363,
           0.8362717162151723,
           0.8836733631726726,
           0.918032664416325,
           0.9437718826255476,
           0.9631755140210252,
           0.9776085842821651,
           0.9879643032959066,
           0.9948646680647575,
           0.9987627703027459,
           1,
           0.9988403160413127,
           0.9954919114628417,
           0.9901215102154921,
           0.9828641354645231,
           0.9738299759922994,
           0.9631093252918606,
           0.950776199754132,
           0.9368910253882131,
           0.9215026498144706,
           0.9046498523440594,
           0.8863624701838726,
           0.866662221914047,
           0.8455632836683992,
           0.823072654763776,
           0.7991903352001778,
           0.7739093256607572,
           0.7472154500116979,
           0.7190869896728629,
           0.6894941074373595,
           0.6583980239940321,
           0.6257498917225145,
           0.5914892846137071,
           0.5555421862766846,
           0.5178183032184078,
           0.47820744665651105,
           0.43657459342573585,
           0.392753019575177,
           0.346534532068677,
           0.2976551720214425,
           0.24577354944334528,
           0.19043657262035762,
           0.13102224454997152,
           0.06663735534524795,
           -0.0040831206732207526,
           -0.08342367972611953,
           -0.17580658449286585,
           -0.29254902177924835,
           -0.5510204081632654
          ],
          [
           0.5102040816326531,
           0.7325885892997206,
           0.8089028003826204,
           0.8601113138472891,
           0.8978779770851377,
           0.9267605126028837,
           0.9491133937994018,
           0.9663434589184345,
           0.9793712780617702,
           0.9888379008329602,
           0.9952102977519247,
           0.9988403160413127,
           1,
           0.9989039198956133,
           0.9957239066569181,
           0.9905991193895217,
           0.9836431221057365,
           0.9749489741091968,
           0.9645929590119905,
           0.9526373537527864,
           0.93913250221997,
           0.9241183715869229,
           0.9076257130141372,
           0.8896769103509407,
           0.8702865739651106,
           0.849461917571941,
           0.8272029411714321,
           0.8035024310482896,
           0.7783457768347363,
           0.7517105946814444,
           0.7235661334279219,
           0.693872425900787,
           0.6625791282116542,
           0.6296239634218548,
           0.5949306479193011,
           0.5584061224003585,
           0.5199368228527146,
           0.4793835901707622,
           0.43657459342573585,
           0.3912952623500092,
           0.3432735526447055,
           0.29215761708717647,
           0.23748048515750164,
           0.1786011072521299,
           0.11459891326927302,
           0.04406706496518803,
           -0.03534891105899979,
           -0.12820673731000742,
           -0.24617026117924645,
           -0.5102040816326531
          ],
          [
           0.4693877551020409,
           0.6999249512062667,
           0.7804959592093001,
           0.8352916668297685,
           0.8762870119762562,
           0.9081612777524407,
           0.9333317345334216,
           0.9532427428334354,
           0.9688394255985808,
           0.9807799300886126,
           0.9895436815560675,
           0.9954919114628417,
           0.9989039198956133,
           1,
           0.9989565656670353,
           0.9959164875630733,
           0.9909963586055668,
           0.9842917201150976,
           0.9758808902904157,
           0.9658278070800104,
           0.9541841571115666,
           0.9409909735368021,
           0.9262798276910706,
           0.9100737004311052,
           0.8923875918028668,
           0.8732289079211508,
           0.8525976487859573,
           0.8304864082824909,
           0.8068801863647903,
           0.781756002176123,
           0.755082284381135,
           0.7268179998281084,
           0.6969114618893583,
           0.6652987326163957,
           0.6319014938104701,
           0.5966242041510004,
           0.5593502707205331,
           0.5199368228527146,
           0.478207446656511,
           0.43394184898630517,
           0.38686072975541813,
           0.3366028575019546,
           0.28268880697337706,
           0.22446043090993123,
           0.1609726063655188,
           0.09078097282590247,
           0.011468259915982548,
           -0.08164481546791752,
           -0.20053319123438307,
           -0.4693877551020409
          ],
          [
           0.4285714285714286,
           0.666576120119028,
           0.751130255784394,
           0.8093102185657544,
           0.8533691763404414,
           0.8880951323409247,
           0.9159615206624045,
           0.9384462606052926,
           0.9565164344385471,
           0.9708454810495628,
           0.9819239648278015,
           0.9901215102154921,
           0.9957239066569181,
           0.9989565656670353,
           1,
           0.9990003998300699,
           0.9960770670360326,
           0.9913277627795113,
           0.9848326249321563,
           0.9766570769995043,
           0.9668540065147415,
           0.9554654000084345,
           0.9425235623555775,
           0.9280520083583069,
           0.9120660865789894,
           0.894573375208727,
           0.8755738742475199,
           0.8550600055042656,
           0.8330164204165977,
           0.8094196041823799,
           0.7842372519266182,
           0.7574273771187452,
           0.7289370922255756,
           0.698700973741572,
           0.6666388837950845,
           0.63265306122449,
           0.5966242041510004,
           0.5584061224003585,
           0.5178183032184077,
           0.4746353350901924,
           0.4285714285714288,
           0.37925695921988833,
           0.326201362646109,
           0.26873119996269607,
           0.20587938890069185,
           0.13616801015968372,
           0.057123629644471596,
           -0.03604175587741337,
           -0.15558131428330435,
           -0.4285714285714286
          ],
          [
           0.3877551020408164,
           0.6325878512700769,
           0.7208697201917538,
           0.7822445508258389,
           0.8292130748036024,
           0.866660032467946,
           0.8971088313279536,
           0.9220672506560621,
           0.9425219117105963,
           0.9591598595794603,
           0.9724815700450732,
           0.9828641354645231,
           0.9905991193895217,
           0.9959164875630733,
           0.9990003998300699,
           1,
           0.9990370003341136,
           0.9962111371665284,
           0.9916041674793595,
           0.9852828365986553,
           0.9773011006005596,
           0.9677017943140732,
           0.9565178753038627,
           0.943773333466566,
           0.9294838274678437,
           0.9136570886090348,
           0.8962931168901396,
           0.8773841810098185,
           0.8569146223024114,
           0.83486045087128,
           0.8111887091517582,
           0.7858565623148449,
           0.758810054284396,
           0.7299824397343635,
           0.6992919616826323,
           0.6666388837950846,
           0.6319014938104703,
           0.5949306479193011,
           0.5555421862766846,
           0.5135061431396173,
           0.46853095495638664,
           0.4202395293699051,
           0.368131390597753,
           0.31151949355202685,
           0.2494172169744019,
           0.18031678159244063,
           0.10169477989705922,
           0.008666471545356547,
           -0.11126887509393829,
           -0.3877551020408164
          ],
          [
           0.34693877551020413,
           0.5979974842766501,
           0.6897666056648215,
           0.7541579760114083,
           0.8038910152235952,
           0.8439359174781387,
           0.876860234871325,
           0.9041981238236869,
           0.926953465583471,
           0.9458253244315515,
           0.9613229314927728,
           0.9738299759922994,
           0.9836431221057365,
           0.9909963586055668,
           0.9960770670360326,
           0.9990370003341136,
           1,
           0.9990675471590424,
           0.9963228290531191,
           0.9918337586535577,
           0.9856552359461563,
           0.9778308451140477,
           0.9683941202827916,
           0.9573694710291927,
           0.9447728299522058,
           0.9306120636048505,
           0.9148871719871269,
           0.8975902885460152,
           0.8787054806825608,
           0.8582083388199588,
           0.83606532883265,
           0.8122328665375007,
           0.7866560519487134,
           0.7592669720949605,
           0.7299824397343635,
           0.6987009737415721,
           0.6652987326163957,
           0.6296239634218548,
           0.5914892846137071,
           0.5506607074194703,
           0.5068415676635384,
           0.45964817612074726,
           0.40857130166625255,
           0.35291188001918,
           0.2916660299312835,
           0.22329959498202961,
           0.14524502307513193,
           0.05253212003383462,
           -0.06755853404904755,
           -0.34693877551020413
          ],
          [
           0.30612244897959184,
           0.5628356168493016,
           0.6578637307815762,
           0.7251023750648886,
           0.7774622498121235,
           0.8199882931562423,
           0.8552866691661459,
           0.8849146055783417,
           0.9098910804468316,
           0.9309256708872279,
           0.9485352660649946,
           0.9631093252918606,
           0.9749489741091968,
           0.9842917201150976,
           0.9913277627795113,
           0.9962111371665284,
           0.9990675471590424,
           1,
           0.9990929339374457,
           0.9964152832477057,
           0.9920227735266016,
           0.9859596443952958,
           0.9782599342802109,
           0.9689484198400549,
           0.958041273275182,
           0.9455464794392803,
           0.9314640383323498,
           0.9157859651007023,
           0.8984960875439838,
           0.8795696290034862,
           0.8589725510527869,
           0.8366606140707236,
           0.8125780924614745,
           0.7866560519487134,
           0.758810054284396,
           0.7289370922255756,
           0.6969114618893584,
           0.6625791282116543,
           0.6257498917225144,
           0.5861862448238454,
           0.5435870619742752,
           0.4975628838620755,
           0.447596821321782,
           0.3929792972377827,
           0.33269133355607605,
           0.2651757025401538,
           0.18782624012111532,
           0.09559800816599956,
           -0.02441969343807865,
           -0.30612244897959184
          ],
          [
           0.26530612244897966,
           0.5271273308851817,
           0.6251961952651525,
           0.6951202764120489,
           0.7499753494541643,
           0.7948708566359923,
           0.8324462841987457,
           0.8642787704484867,
           0.8914003219982028,
           0.9145295885507612,
           0.9341900681686031,
           0.950776199754132,
           0.9645929590119905,
           0.9758808902904157,
           0.9848326249321563,
           0.9916041674793595,
           0.9963228290531191,
           0.9990929339374457,
           1,
           0.9991138429043778,
           0.9964909007487062,
           0.9921759787978441,
           0.9862035506903809,
           0.9785987098770873,
           0.9693778353345727,
           0.9585490140101246,
           0.9461122459037429,
           0.9320594440681401,
           0.9163742295267071,
           0.8990315088286728,
           0.8799968083354482,
           0.8592253227821742,
           0.8366606140707236,
           0.8122328665375007,
           0.7858565623148448,
           0.7574273771187452,
           0.7268179998281084,
           0.6938724259007869,
           0.658398023994032,
           0.6201542497596069,
           0.5788361274928687,
           0.5340492182914142,
           0.4852700240928015,
           0.4317798951941642,
           0.3725468249825148,
           0.30599367515179066,
           0.22948095946077862,
           0.13789923566498605,
           0.01817272863611874,
           -0.26530612244897966
          ],
          [
           0.22448979591836737,
           0.49089310291558963,
           0.5917926540683656,
           0.6642463997009345,
           0.721469966782073,
           0.7686274455518792,
           0.8083865528539693,
           0.8423412952636009,
           0.8715347172116196,
           0.8966931547126114,
           0.9183457048980447,
           0.9368910253882131,
           0.9526373537527864,
           0.9658278070800104,
           0.9766570769995043,
           0.9852828365986553,
           0.9918337586535577,
           0.9964152832477057,
           0.9991138429043778,
           1,
           0.9991307962658926,
           0.9965515161812399,
           0.9922970020971362,
           0.9863926158511397,
           0.9788549116010626,
           0.969692062788068,
           0.9589040694121559,
           0.9464827580321633,
           0.9324115744902779,
           0.9166651569489412,
           0.8992086630570596,
           0.8799968083354482,
           0.8589725510527869,
           0.83606532883265,
           0.8111887091517581,
           0.7842372519266181,
           0.755082284381135,
           0.7235661334279218,
           0.6894941074373594,
           0.6526230893212019,
           0.6126448415097794,
           0.5691607063827985,
           0.5216415868087906,
           0.4693611467731697,
           0.4112763418450906,
           0.3457931654492953,
           0.27024390074216736,
           0.17946445748360954,
           0.06023920870484409,
           -0.22448979591836737
          ],
          [
           0.1836734693877552,
           0.4541494859090609,
           0.5576762714921122,
           0.632508811855247,
           0.6919781564815831,
           0.7412934976923533,
           0.783145851610608,
           0.8191431465307348,
           0.8503375366148893,
           0.8774617015440809,
           0.9010493594731604,
           0.9215026498144706,
           0.93913250221997,
           0.9541841571115666,
           0.9668540065147415,
           0.9773011006005596,
           0.9856552359461563,
           0.9920227735266016,
           0.9964909007487062,
           0.9991307962658926,
           1,
           0.9991441919353568,
           0.9965985187288443,
           0.9923885637229908,
           0.9865310256561517,
           0.9790341493546106,
           0.9698979348183677,
           0.9591141372211391,
           0.9466660578245696,
           0.9325281132861307,
           0.9166651569489415,
           0.8990315088286729,
           0.8795696290034863,
           0.858208338819959,
           0.8348604508712801,
           0.80941960418238,
           0.7817560021761231,
           0.7517105946814443,
           0.7190869896728628,
           0.683639946728471,
           0.6450585361963092,
           0.6029406186640357,
